fe
53
4d
42
40
0
1
0
0
0
0
0
1
0
0
20
10
0
0
0
0
0
0
0
2
0
0
0
0
0
0
0
0
0
0
0
0
0
0
0
11
0
0
4
0
24
0
0
0
0
0
0
0
0
0
0
0
0
0
0
0
0
0
0
19
0
0
1
1
0
0
0
0
0
0
0
58
0
fe
1
0
0
0
0
0
0
0
0
a1
82
1
fa
30
82
1
f6
a2
82
1
de
4
82
1
da
4e
54
4c
4d
53
53
50
0
3
0
0
0
18
0
18
0
58
0
0
0
36
1
36
1
70
0
0
0
12
0
12
0
a6
1
0
0
a
0
a
0
b8
1
0
0
8
0
8
0
c2
1
0
0
10
0
10
0
ca
1
0
0
15
82
8
62
6
1
0
0
0
0
0
f
ad
67
96
32
a
93
5d
1c
a5
35
7d
29
73
bb
43
e1
0
0
0
0
0
0
0
0
0
0
0
0
0
0
0
0
0
0
0
0
0
0
0
0
8e
1f
5a
2c
b7
3e
ff
86
3
9a
15
f7
e3
94
f7
e6
1
1
0
0
0
0
0
0
e
56
90
1c
76
3e
d6
1
d0
1e
48
c4
29
13
2
e3
0
0
0
0
2
0
1e
0
44
0
45
0
53
0
4b
0
54
0
4f
0
50
0
2d
0
4f
0
38
0
45
0
42
0
56
0
35
0
49
0
1
0
1e
0
44
0
45
0
53
0
4b
0
54
0
4f
0
50
0
2d
0
4f
0
38
0
45
0
42
0
56
0
35
0
49
0
4
0
1e
0
44
0
45
0
53
0
4b
0
54
0
4f
0
50
0
2d
0
4f
0
38
0
45
0
42
0
56
0
35
0
49
0
3
0
1e
0
44
0
45
0
53
0
4b
0
54
0
4f
0
50
0
2d
0
4f
0
38
0
45
0
42
0
56
0
35
0
49
0
7
0
8
0
e
56
90
1c
76
3e
d6
1
6
0
4
0
2
0
0
0
8
0
30
0
30
0
0
0
0
0
0
0
0
0
0
0
0
0
0
0
2d
d4
97
65
25
51
1f
5e
17
b3
39
b6
8b
af
76
71
d7
7d
32
d9
7f
6
74
17
4a
af
e3
8c
1a
89
64
81
a
0
10
0
0
0
0
0
0
0
0
0
0
0
0
0
0
0
0
0
9
0
1e
0
63
0
69
0
66
0
73
0
2f
0
31
0
30
0
2e
0
31
0
2e
0
31
0
30
0
2e
0
33
0
36
0
0
0
0
0
57
0
4f
0
52
0
4b
0
47
0
52
0
4f
0
55
0
50
0
6d
0
69
0
6b
0
65
0
67
0
4b
0
41
0
4c
0
49
0
f8
e7
ce
de
f3
dc
e7
67
af
93
9
b3
80
25
0
45
a3
12
4
10
1
0
0
0
c2
bc
be
c4
1a
23
d5
df
0
0
0
0
